14
25
48
60
57
27
18
51
18
30
37
32
53
50
18
29
38
36
1
21
17
25
21
60
12
15
16
51
34
22
16
6
0
22
62
32
46
62
49
50
11
36
16
28
7
21
31
32
7
51
39
25
26
16
49
36
42
21
3
2
17
60
46
62
23
32
33
20
58
62
18
10
11
33
7
62
20
2
2
22
44
62
52
50
49
36
56
21
9
30
50
10
3
33
36
62
28
36
7
2
1
10
18
29
18
20
46
24
58
1
3
54
11
2
42
30
3
15
25
4
34
42
2
10
11
36
46
30
11
33
7
30
18
28
41
37
53
36
44
5
16
22
5
16
31
32
6
50
28
53
11
50
11
21
26
33
45
24
48
15
7
15
57
60
17
33
5
21
20
62
57
15
26
32
11
32
57
2
45
54
11
54
44
21
18
10
0
15
31
15
20
32
25
10
3
21
26
6
53
13
18
60
36
54
1
2
9
54
11
9
25
11
18
59
26
37
55
5
0
47
38
50
17
29
28
6
57
28
41
9
29
11
0
8
25
37
36
5
50
12
18
61
39
29
35
6
58
28
18
9
16
11
20
40
39
37
20
5
28
12
12
23
12
29
48
36
31
28
16
20
11
5
26
12
1
5
11
8
23
51
21
24
48
42
56
28
46
12
49
5
20
37
1
4
17
6
25
5
53
50
2
29
33
4
41
29
44
29
59
20
11
23
7
28
3
2
56
40
20
21
25
37
3
23
49
40
25
37
47
5
39
50
31
31
3
12
5
29
5
40
3
24
16
6
3
2
28
40
19
29
57
2
44
29
57
2
7
2
18
25
20
51
57
5
28
38
11
23
6
5
11
26
16
5
3
40
31
29
43
5
61
8
18
21
16
40
56
29
1
21
19
40
53
6
18
23
1
2
18
4
43
1
5
12
53
24
18
12
11
21
20
29
16
5
33
36
20
12
16
21
28
50
16
21
41
14
26
4
57
42
46
50
38
37
3
42
16
12
3
6
42
28
5
2
18
6
26
2
38
50
11
23
63
45
11
2
1
27
42
57
3
30
9
32
9
33
20
13
48
36
18
21
11
45
47
60
16
27
49
51
47
30
28
13
11
6
53
22
16
45
39
60
2
27
25
63
47
13
1
6
49
22
7
6
39
10
61
2
60
36
20
22
7
32
7
59
31
36
16
45
3
10
49
32
9
22
42
12
46
22
13
30
31
60
0
60
0
12
20
36
1
30
62
22
39
36
39
33
52
14
3
27
11
2
35
27
11
14
1
6
28
14
26
27
5
33
57
13
38
30
34
36
11
2
11
6
41
45
46
32
57
14
55
22
1
30
13
60
20
21
16
27
0
60
19
22
42
33
23
13
